
Last position-specific scoring matrix computed, weighted observed percentages rounded down, information per position, and relative weight of gapless real matches to pseudocounts
           A  R  N  D  C  Q  E  G  H  I  L  K  M  F  P  S  T  W  Y  V   A   R   N   D   C   Q   E   G   H   I   L   K   M   F   P   S   T   W   Y   V
    1 D   -3 -4 -1  6 -4 -3 -1 -4 -3 -2 -3 -3 -3 -4 -4 -2 -1 -6 -4  3    0   0   0  66   0   0   0   0   0   0   0   0   0   0   0   0   4   0   0  30  1.17 0.35
    2 P    0 -3  0 -2  1 -2 -2 -3 -3 -2 -3 -2 -2 -4  4  4  1 -4 -3  2    4   0   3   0   3   0   0   0   0   0   0   0   0   0  24  40   5   0   0  22  0.62 0.24
    3 T   -1 -3 -1 -2 -3  0 -2  3  2 -3 -3 -2 -3  2 -3  3  1 -2  3 -3    0   0   0   0   0   4   0  27   7   0   0   0   0   9   0  32   7   0  14   0  0.49 0.21
    4 G    1 -4 -2 -3 -4 -4 -4  7 -4 -6 -5 -3 -5 -5 -4 -2 -3 -5 -5 -5    9   0   0   0   0   0   0  91   0   0   0   0   0   0   0   0   0   0   0   0  1.75 0.39
    5 G   -2 -3 -2 -3 -4 -3 -3  6  5 -5 -5 -3 -4 -3 -4 -1 -3 -3  3 -5    0   0   0   0   0   0   0  66  19   0   0   0   0   0   0   4   0   0  11   0  1.25 0.33
    6 A    6 -3 -4 -4 -2 -3 -3 -2 -4 -2 -3 -3 -2 -4 -3 -1 -2 -4 -3  3   79   0   0   0   0   0   0   0   0   0   0   0   0   0   0   0   0   0   0  21  1.02 0.35
    7 G   -2 -4 -2 -3 -5 -4 -4  7 -4 -6 -6 -4 -5 -5 -4 -2 -4 -5 -5 -5    0   0   0   0   0   0   0 100   0   0   0   0   0   0   0   0   0   0   0   0  2.04 0.43
    8 V   -3 -3  5 -2 -3 -3 -3 -4 -3  5 -1 -3  2 -2 -4 -2 -1 -5 -3  1    0   0  34   0   0   0   0   0   0  49   0   0   5   0   0   0   3   0   0   9  0.77 0.29
    9 M   -1 -1  0 -2 -4  5  1 -3 -2  0 -2  2  1 -4 -3  2 -2 -4 -3 -2    3   0   4   0   0  44   7   0   0   8   3  11   4   0   0  16   0   0   0   0  0.55 0.24
   10 A    5 -3 -3 -3  2  1 -2 -2 -3 -1 -3 -2 -2 -4 -3  2 -1 -4 -3 -1   69   0   0   0   4   8   0   0   0   4   0   0   0   0   0  12   0   0   0   4  0.74 0.28
   11 D    3 -3 -1  6 -4 -2 -1 -3 -3 -4 -5 -2 -4 -5 -3  0 -2 -5 -4 -4   30   0   0  66   0   0   0   0   0   0   0   0   0   0   0   4   0   0   0   0  1.22 0.35
   12 L   -2 -4 -4 -4 -2 -3 -2 -5 -4  3  3 -3  2 -1 -4 -3 -2 -3 -2  4    0   0   0   0   0   0   4   0   0  15  41   0   5   0   0   0   0   0   0  35  0.64 0.21
   13 K   -3  2 -2 -3 -5 -1 -2 -4 -2 -3 -3  5 -3  4  1 -2 -3 -3 -1 -4    0  10   0   0   0   0   0   0   0   0   0  56   0  26   8   0   0   0   0   0  0.89 0.31
   14 S    1 -3 -2 -3 -3 -2 -2 -3 -3 -2 -3 -2 -2 -4  4  1  5 -4 -3  1    9   0   0   0   0   0   0   0   0   0   0   0   0   0  26   7  46   0   0  12  0.81 0.27
   15 F   -3 -4 -4 -5  2 -3 -4 -5 -3  2  3 -4  4  5 -4 -3 -3 -2  0  0    0   0   0   0   6   0   0   0   0  14  29   0  18  31   0   0   0   0   0   2  0.72 0.23
   16 H    1  1 -1 -2 -3  5  0 -3  1 -3 -2  1 -2 -4 -2  2  2 -4 -3 -3   14   7   0   0   0  37   0   0   4   0   2   7   0   0   0  14  14   0   0   0  0.51 0.22
   17 S    3  2 -2 -2 -2  0  1 -2  0 -2  0 -1  0 -1 -2  0  0 -3 -2  0   36  15   0   0   0   4  10   0   3   0  11   0   2   3   0   7   3   0   0   6  0.21 0.14
   18 C   -2  0 -1 -4  1 -2 -3 -2  4  0  3 -1  3  1 -4 -3 -2 -3 -1 -1    0   6   4   0   4   0   0   3  17   4  45   3   9   6   0   0   0   0   0   0  0.41 0.19
   19 G   -2  0  0  1 -4 -1 -3  6 -3 -5 -5 -3 -4 -5 -4 -2 -3 -4 -5 -5    0   7   3   7   0   3   0  81   0   0   0   0   0   0   0   0   0   0   0   0  1.37 0.33
   20 V    0 -4 -4 -4  3 -3 -4 -2 -3  1  0 -3 -1  3 -4 -2  0 -3  1  4    6   0   0   0   7   0   0   3   0   3   8   0   0  15   0   2   5   0   4  48  0.42 0.19
   21 Y   -3 -2  2  0 -4 -1  2 -4  4 -4 -3  1 -3  2 -4 -2 -3 -1  6 -3    0   0  11   4   0   0  19   0  10   0   0   8   0   7   0   0   0   0  41   0  0.79 0.27
   22 G    1 -4 -3 -3  2 -3 -3  4 -4 -1 -2 -3 -2 -3 -3 -2  1 -4 -3  3   11   0   0   0   6   0   0  41   0   0   0   0   0   0   0   0   8   0   0  34  0.60 0.23
   23 M    0 -3 -2  1  3 -2 -2 -3  2 -1  0 -3  5  0 -3 -1  0  6 -1 -1    9   0   0  11   9   0   0   0   8   0   4   0  29   4   0   4   8  12   0   3  0.47 0.22
   24 G    2 -3 -2 -2  2 -2 -2  0 -3 -2 -3 -2 -2 -1  3  3  2 -4 -3  0   19   0   0   0   6   0   0   7   0   0   0   0   0   4  16  30  12   0   0   7  0.40 0.18
   25 V    2 -4 -4 -4  3 -3 -4 -3 -4  3  0 -3 -1 -2 -3 -2 -2 -4 -3  5   22   0   0   0   7   0   0   0   0  16   4   0   0   0   0   0   0   0   0  52  0.65 0.24
   26 V   -2 -3  2 -3 -3 -3 -3 -4  2  4  1 -2 -1 -2  1 -2 -2 -3  0  2    0   0  14   0   0   0   0   0   8  36  12   2   0   0   8   0   0   0   4  17  0.37 0.18
   27 T   -2 -3 -2 -3 -3 -3 -3 -3 -4 -3 -3 -3 -3 -4 -3  2  7 -5 -4 -2    0   0   0   0   0   0   0   0   0   0   0   0   0   0   0  15  85   0   0   0  1.41 0.42
   28 S    4 -3 -3 -4  3 -3 -3 -2 -4 -1 -2 -3 -2 -3 -3  1  0 -4 -3  4   43   0   0   0   8   0   0   0   0   0   0   0   0   0   0  10   3   0   0  36  0.58 0.25
   29 I   -2 -2 -1 -3 -3  3 -2 -4 -3  3  3 -2  2 -2 -4 -3 -2 -3 -2  2    0   0   4   0   0  22   0   0   0  17  34   0   4   0   0   0   0   0   0  20  0.45 0.20
   30 V   -1 -3  0 -3 -3 -3 -3 -4 -3 -1 -1 -2 -1  5 -3 -1  4 -2 -1  2    3   0   4   0   0   0   0   0   0   0   4   2   0  30   0   0  36   0   0  22  0.55 0.24
   31 A    4 -3 -2 -3 -2 -2 -2 -2 -3 -1 -3 -2 -2 -3 -2  3  1 -4 -3  1   46   0   0   0   0   0   0   0   0   2   0   0   0   0   0  34   5   0   0  13  0.60 0.25
   32 Q   -3 -1  5 -2 -5  6  0 -3 -1 -4 -4  0  2 -5 -3 -2 -1 -4 -3 -4    0   0  30   0   0  54   3   0   0   0   0   2   8   0   0   0   3   0   0   0  1.09 0.36
   33 N   -3 -2  6  1 -4 -2 -2 -3  6 -5 -5 -2 -4 -4 -4 -1  2 -5 -2 -4    0   0  52   8   0   0   0   0  26   0   0   0   0   0   0   0  14   0   0   0  1.18 0.34
   34 T    0 -2  0  0 -2 -1 -1  0  2 -2 -2 -1 -2 -3  1  0  5 -3 -2 -2    4   1   3   3   0   1   4   6   8   1   2   1   0   1   8   4  51   0   1   1  0.46 0.17
   35 L   -1  1 -2 -3  0  0 -2 -2  0  0  1 -1  0  1 -3 -1  0  6  0  1    3  12   0   0   2   6   1   3   3   4  20   0   0   8   0   3   5  15   0  11  0.26 0.11
   36 G   -1  0 -1 -2 -3 -1 -2  4  1 -3 -3  2 -3 -3 -3 -1  1  4  0 -3    2   4   0   0   0   0   1  40   4   0   1  21   0   0   0   1  12   8   4   1  0.51 0.18
   37 V   -1 -3 -1 -3 -3 -3  0  4 -4  0 -2 -3 -2 -3 -4 -1 -2 -4 -3  4    0   0   3   0   0   0   8  34   0   0   0   0   0   0   0   5   0   0   0  51  0.61 0.26
   38 Q   -2  0  2 -1  1  3  0  0  4 -4 -3  0 -2 -1  1 -1  0 -2  3 -3    0   5  11   3   4  24   2   8  13   0   0   2   0   2   7   2   5   0  13   0  0.35 0.17
   39 H    1  1 -1  1 -2  0  0  2  1 -1 -1  0 -2 -3 -2  1  0 -3 -2  1   15  11   0   9   0   3   3  17   4   0   4   4   0   0   0  14   3   0   0  14  0.14 0.09
   40 I   -1 -4 -4 -4 -2 -3 -4 -4 -4  4  2 -4  1  2 -4 -3 -2 -3 -2  4    5   0   0   0   0   0   0   0   0  27  14   0   4  11   0   0   0   0   0  39  0.58 0.20
   41 H   -1 -2  2 -1 -3  0  1 -3  5 -3 -3 -2 -2  2  2 -1  0  1  2 -3    6   0  11   3   0   3   8   0  24   0   0   0   0  14  11   3   9   2   7   0  0.42 0.18
   42 N    1  0  2  1 -3 -1  1  0 -2 -1 -2 -1 -2 -3  4  1  0 -4 -3 -2   11   4  15   6   0   0  13   6   0   4   4   0   0   0  25   8   3   0   0   2  0.39 0.13
   43 L   -1 -2 -2  1 -2  0  0 -2 -3  2  1 -1  1 -2 -1 -1  0 -3 -2  2    0   0   0  13   0   4   6   3   0  22  18   4   3   0   3   4   4   0   0  17  0.15 0.10
   44 N   -1 -2  2  2 -4  1  1 -3  1 -4 -4 -2 -3 -4  5  0 -1  4 -3 -2    3   0  12  10   0   7  11   0   4   0   0   0   0   0  32   8   2   8   0   3  0.66 0.20
   45 H   -1 -2 -1 -3 -3 -2 -2 -3  1  1  1  0  2  3  3 -2 -1 -2 -1  1    4   0   2   0   0   0   2   0   4   8  16   7   8  16  18   0   3   0   0  11  0.26 0.12
   46 Q    0  2  0  2  1  1  3 -1 -1 -3 -3  1 -2 -4 -2  1  0 -4 -3 -3   11  12   3  16   4   4  24   4   0   0   0   8   0   0   0   9   7   0   0   0  0.33 0.13
   47 W   -1 -2 -1  2 -3 -1  2  1 -2  0 -2 -2  0  2 -3  0  0  3 -1  1    2   0   0  15   0   0  19  10   0   4   0   0   3  16   0   5   7   4   0  14  0.19 0.13
   48 V   -2 -4 -4 -5 -2 -4 -4 -5 -3  2  2 -4  0  1 -4 -3 -2  5  2  4    0   0   0   0   0   0   0   0   0  12  24   0   0   5   0   0   0   8   8  43  0.63 0.21
   49 D    1  1 -1  0 -2  0  2 -2 -2  0  0  0 -1 -1 -2  1 -1 -3  0  1   13   9   0   4   0   2  19   0   0   7  11   6   0   2   0  10   0   0   4  12  0.10 0.08
   50 E    2  1 -1  1 -3  2  4 -1 -2 -4 -3  1 -3 -4 -2  1  0 -4 -3 -3   19   9   0   5   0  13  35   2   0   0   0   5   0   0   0   9   4   0   0   0  0.46 0.18
   51 Q   -1 -2 -2  0 -4  6  0  3 -2 -1 -3 -1  2 -4 -3 -2 -1 -4 -3 -3    4   0   0   4   0  49   3  26   0   5   0   0   8   0   0   0   2   0   0   0  0.73 0.29
   52 L   -3  0 -4 -5 -3 -3 -4 -5 -4  3  5 -3  1 -1 -4 -4 -2 -3 -1  0    0   8   0   0   0   0   0   0   0  23  65   0   2   0   0   0   0   0   2   0  0.77 0.25
   53 D    0  0  0  3 -4  1  3  0 -2 -3 -2  2 -2 -4 -2  0  0 -4 -3 -2    6   2   2  25   0   4  25   5   0   0   3  17   0   0   0   4   4   0   0   3  0.39 0.15
   54 S    3 -2  0  0  1 -1  2 -2 -2 -3 -1 -1 -2 -3 -2  2  1 -4 -3 -2   40   0   5   4   3   0  15   0   0   0   7   0   0   0   0  18   8   0   0   0  0.36 0.18
   55 V   -1  2  3 -3  1 -2 -3 -3 -3  3 -1 -2 -1 -2 -4 -2 -2 -4 -3  4    5  14  17   0   3   0   0   0   0  25   0   0   0   0   0   0   0   0   0  35  0.43 0.21
   56 F   -1  0 -2  0 -2 -1  0  1 -2  0  1 -1  0  3 -2 -1 -1 -2  0  0    3   7   0   8   0   0   9  13   0   6  19   3   0  19   1   1   3   0   0   8  0.08 0.07
   57 N    1  0  2  2 -2  1  1 -2 -2 -2 -3  0 -2 -3 -2  2  0 -4 -3  1   13   6  10  11   0   5   9   0   0   0   0   2   0   0   0  25   5   0   0  15  0.23 0.13
   58 D   -3 -3 -1  5 -3 -2 -1 -2 -3  0  3 -3 -1 -2 -3 -2 -2 -4 -3 -1    0   0   0  51   0   0   0   3   0   4  35   0   0   0   0   0   0   0   0   4  0.72 0.25
   59 T   -2 -1 -1 -1 -2  0  0 -1 -2  2  1 -1  2  2 -1 -1  1 -2 -1  1    0   4   4   3   0   4   5   4   0  19  11   4   9  12   3   0  12   0   0   7  0.08 0.08
   60 L   -1  1  0  0 -3  1  0  1 -2 -3 -2  1 -2 -1  3  0 -1 -3  0 -3    0  10   4   6   0   9   4  14   0   0   4  12   0   4  19   9   3   0   3   0  0.28 0.11
   61 P   -2 -4 -4 -4  6 -3 -4 -4 -3  2  0 -3 -1 -1  4 -3 -2 -3  2  2    0   0   0   0  21   0   0   0   0  18   8   0   0   2  22   0   0   0  11  18  0.68 0.22
   62 H   -2  2  1  5 -4  3  0 -3  2 -4 -4  2 -3 -4 -3 -1  1 -4 -3 -4    2  12   5  37   0  15   0   0   7   0   0  12   0   0   0   0  11   0   0   0  0.59 0.21
   63 A    4 -3 -3 -3 -2 -2 -2  0  3 -1 -2 -2 -2 -3 -3  0  0 -4 -2  3   49   0   0   0   0   0   0   6  11   0   0   0   0   0   0   4   4   0   0  25  0.51 0.23
   64 I   -1 -4 -4 -4  0 -4 -4 -4 -4  4  0 -4  1  1 -4 -3  0 -4 -2  4    5   0   0   0   2   0   0   0   0  31   3   0   3   6   0   0   4   0   0  47  0.64 0.23
   65 K   -3  0 -2 -3 -4 -1 -2 -4 -3 -2  2  6 -2 -3 -3 -2 -1 -4 -3 -3    0   0   0   0   0   0   0   0   0   0  30  66   0   0   0   0   4   0   0   0  0.89 0.33
   66 T   -2 -3 -2 -3 -2 -2 -3 -3 -3  2 -1 -3  1 -3 -3  1  6 -4 -3  1    0   0   0   0   0   0   0   0   0  11   3   0   3   0   0  10  60   0   0  12  0.75 0.29
   67 G   -2 -4 -2 -3 -5 -4 -4  7 -4 -6 -6 -4 -5 -5 -4 -2 -4 -5 -5 -5    0   0   0   0   0   0   0 100   0   0   0   0   0   0   0   0   0   0   0   0  2.04 0.43
   68 M   -1 -3 -4 -4 -3 -2 -3 -4 -2 -1 -1 -3  8  0 -4 -3 -3 -1  6 -2    4   0   0   0   0   0   1   1   0   0   1   0  56   0   0   1   0   0  34   1  1.36 0.38
   69 I   -2 -3 -4 -4  1  1 -3 -5 -4  2  4 -3  2 -1 -4 -2 -2 -3 -2  1    0   0   0   0   4   9   0   0   0  11  64   0   4   0   0   3   0   0   0   5  0.63 0.23
   70 A    1 -1 -2 -2  1 -2 -2  4 -3 -3 -2 -2 -3 -2  1  1  0  1 -3 -3   16   3   0   0   3   0   0  43   0   0   3   0   0   2   8  12   7   2   0   0  0.52 0.18
   71 T    1 -1  3 -1 -3 -1  0 -2 -2 -3 -3 -2 -3 -4 -2  4  3 -4 -3 -1   10   2  21   0   0   0   4   0   0   0   0   0   0   0   0  43  18   0   0   3  0.58 0.24
   72 A    3 -1 -2 -1 -2  0  0 -1 -3 -1 -3 -1 -2 -3  4  0  0 -4 -3  0   35   2   0   3   0   3   6   3   0   2   0   3   0   0  23   5   6   0   0  10  0.43 0.16
   73 D    0 -1 -1  3 -4  1  4  1 -2 -4 -4 -1 -3 -4 -3  1  0 -4 -4 -4    7   2   0  22   0   3  43   9   0   0   0   0   0   0   0  10   4   0   0   0  0.64 0.22
   74 T   -2 -3 -3 -3 -3  2 -2 -4 -3  4  0 -2  1  1 -3 -1  3 -3 -2  0    0   0   0   0   0  16   0   0   0  44   2   0   2   7   0   3  23   0   0   2  0.49 0.24
   75 M   -1 -3 -3 -3  2 -3 -1  0 -4  3  1 -3  2 -2 -3 -2 -2 -4 -2  3    3   0   0   0   5   0   7   7   0  25  11   0   7   0   0   0   0   0   0  35  0.39 0.17
   76 E    1  1 -1  2 -3  1  3 -3 -2 -2 -1  2 -2 -3 -2  0 -1 -4 -3  0   14   6   0  10   0   4  30   0   0   0   5  20   0   0   0   4   0   0   0   9  0.34 0.15
   77 T    2  2 -2 -2  2 -1  0 -3  0  0  1  0 -1 -2 -2 -1  1 -3 -2  2   21  13   0   0   5   0   6   0   4   4  13   4   0   0   0   0  12   0   0  19  0.15 0.12
   78 I    0 -3 -4 -4 -2 -3 -4 -4  2  4  2 -3  0 -2 -4 -3 -2 -4 -2  4    8   0   0   0   0   0   0   0   7  26  21   0   0   0   0   0   0   0   0  38  0.55 0.20
   79 R    4  2 -2 -2  0 -1  1  0 -2 -2  0 -1 -2 -3 -2  0 -1 -3  0  0   45  12   0   0   2   0  12   5   0   0  11   0   0   0   0   4   0   0   3   7  0.28 0.17
   80 H    0  1  0  3 -4  1  4  0  1 -4 -4  2 -3 -4 -2  0 -2 -4 -3 -3    8   9   3  19   0   4  32   6   4   0   0  13   0   0   0   3   0   0   0   0  0.47 0.16
   81 Y    1  0 -1 -3 -2 -2 -2 -2 -2  0  0 -1  2  0 -3  0  2  5  1  1   13   4   4   0   0   0   0   2   0   3   9   4   8   2   0   5  18  11   4  12  0.19 0.11
   82 L   -1 -4 -4 -5 -2 -3 -4 -4 -4  3  3 -4  0  2 -4 -3 -2  3  0  2    3   0   0   0   0   0   0   0   0  18  42   0   0  11   0   0   0   5   2  19  0.55 0.18
   83 M    1  0  1  0 -3  2  0  0 -1 -2 -2  2  0 -3  1  0  1 -3 -3 -1   17   4   7   2   0  11   5   6   0   0   2  18   4   0   8   4   8   0   0   3  0.19 0.09
   84 Q    0  3 -1  2 -3  3  2 -1 -1 -3 -1  2 -2 -3  0  0 -1 -4 -3 -3    6  17   0  16   0  15  11   2   0   0   7  13   0   0   3   6   3   0   0   0  0.31 0.13
   85 H   -1 -2 -2 -3  1 -2 -2  0  3  0  1  0 -1  2 -3  1 -1 -2  2  2    0   0   0   0   3   0   0   7  10   0  19   8   0   9   0  13   0   0   8  19  0.13 0.11
   86 E   -2 -1  2  0 -4  0  0  1  0  0 -1 -1 -2 -4  5 -2 -1 -4 -3 -2    0   2  12   3   0   5   7  11   2   8   7   3   0   0  38   0   2   0   0   0  0.60 0.18
   87 S   -1  1  2  2 -3  0  0 -2  2 -1 -1 -1 -1  2 -3  0  0 -3 -1  1    5   9  13  13   0   3   3   0   7   2   3   2   0  13   0   6   5   0   0  16  0.12 0.10
   88 I    1  1  0 -1 -2  0 -1  0 -2  0  0  0 -1 -2  1  0  0  4 -2  0   18  10   5   3   0   4   0   8   0   7  11   5   0   0   7   3   6   8   0   6  0.11 0.07
   89 P    0 -1  2 -2 -3  0 -2 -2 -2 -1  1  1  0  0  3 -1  1  2  1 -1    6   2  15   0   0   4   0   0   0   4  15  10   2   3  17   0   9   4   5   4  0.20 0.10
   90 Y   -1 -2 -4 -4  1 -3 -4 -4 -2  1  2 -3  0  2 -4 -3 -2 -1  5  3    4   3   0   0   3   0   0   0   0   7  22   0   0   9   0   0   0   0  27  26  0.49 0.19
   91 V   -1 -4 -5 -5  1 -4 -4 -5 -5  2 -1 -4  1  0 -4 -3 -2 -4 -3  6    4   0   0   0   3   0   0   0   0   9   0   0   4   4   0   0   0   0   0  77  0.98 0.31
   92 I   -2 -4 -5 -5  7 -4 -4 -5 -5  2  2 -4 -1 -2 -4 -3 -2 -4 -3  4    0   0   0   0  26   0   0   0   0  12  23   0   0   0   0   0   0   0   0  38  0.85 0.26
   93 D   -4 -4 -1  8 -6 -2  2 -4 -3 -5 -6 -3 -5 -6 -4 -2 -3 -6 -5 -5    0   0   0  92   0   0   8   0   0   0   0   0   0   0   0   0   0   0   0   0  1.94 0.44
   94 P   -3 -4 -4 -4 -5 -3 -3 -4 -4 -5 -5 -3 -5 -6  8  0 -1 -6 -5 -4    0   0   0   0   0   0   0   0   0   0   0   0   0   0  88   8   4   0   0   0  2.40 0.47
   95 V   -2 -4 -4 -5 -3 -4 -4 -5 -5  1 -1 -4 -1 -3 -4  0 -2 -5 -3  7    0   0   0   0   0   0   0   0   0   0   0   0   0   0   0   8   0   0   0  92  1.29 0.39
   96 M   -3 -4 -4 -5  2 -3 -4 -2 -4  1  1 -3  9  0 -4  0 -2 -4 -3 -1    0   0   0   0   5   0   0   2   0   8   7   0  68   3   0   8   0   0   0   0  1.26 0.39
   97 L    0 -1 -3 -3  1 -3 -3  4 -4  1  0 -3 -1 -3 -3 -2 -2 -4 -3  3    5   3   0   0   3   0   0  42   0   8   8   0   0   0   0   0   0   0   0  32  0.52 0.20
   98 A    3 -3  0  3  3 -2 -1 -2  1 -3 -3 -2 -3  1 -3  2 -1 -4 -2 -2   38   0   4  21   8   0   0   0   4   0   0   0   0   8   0  18   0   0   0   0  0.45 0.21
   99 K    0  0  1 -2 -3 -1  0  0  1 -1 -2  3  1 -3  2 -1  2 -4 -3 -1    6   3   7   0   0   0   4   8   4   4   0  31   5   0   9   0  18   0   0   3  0.25 0.14
  100 S    0 -2  0  2 -3 -2  0  3  2 -4 -4 -2 -3  1 -3  3  0 -3 -2 -3    4   0   3  13   0   0   4  28   7   0   0   0   0   8   0  32   3   0   0   0  0.44 0.18
  101 G   -1  1 -1 -1 -4  1  0  5 -2 -4 -4  2 -3 -4 -3  0 -1 -4 -4 -4    3   7   0   3   0   8   5  48   0   0   0  16   0   0   0   7   4   0   0   0  0.62 0.19
  102 D    1 -1  0  5 -3 -1 -1  3  1 -3 -3 -2 -3 -3 -2  0 -2 -4 -3 -3   13   4   3  39   0   0   1  24   4   1   1   1   0   0   1   8   1   0   0   1  0.53 0.17
  103 S    0 -1 -1 -2  4 -1  1 -3 -2  0  0 -2  0 -2  3  1  0 -3  0  0    4   3   2   0  12   0  11   0   0   8   7   0   3   0  19  16   2   0   4   9  0.27 0.13
  104 L   -3 -3 -4 -4 -3 -3  0 -5 -2  1  4 -3  0  2 -1 -3 -2 -2  4  1    0   0   0   0   0   0   8   0   0   9  48   0   0   7   3   0   0   0  18   8  0.50 0.20
  105 M    0 -3 -3 -3 -2 -2  0 -4 -3  1  3 -3  2 -2 -3 -1  0 -3 -2  3    8   0   0   0   0   0   8   0   0   5  34   0   4   0   0   2   6   0   0  33  0.36 0.16
  106 D    1  0  0  2 -2  0  0  1  0 -2 -3  0 -2 -3  2  1  0 -3 -1  0   20   4   5  12   0   2   5  10   3   0   0   4   0   0  11   7   5   0   3   8  0.18 0.08
  107 N   -1  0  0  1 -4  0  2 -2 -2 -4 -4  3 -3 -4  5  0 -2 -4 -4 -4    3   4   4   6   0   3  13   2   0   0   0  21   0   0  35   8   0   0   0   0  0.73 0.20
  108 D    0 -2 -1  3 -4  0  3  2 -2 -4 -4  1 -3 -4 -2  2 -1 -4 -3 -3    6   0   0  23   0   2  24  19   0   0   0   8   0   0   0  17   0   0   0   0  0.50 0.18
  109 T    2 -3  0 -3 -2 -2 -3 -1  0  2  1 -2  1  1 -3 -1  0 -3 -1  1   26   0   5   0   0   0   0   3   3  22  14   0   4   8   0   2   6   0   0   6  0.18 0.12
  110 K    1 -3 -3 -3 -2 -2 -1 -3 -3  2  1 -1  2 -2  2 -2  0 -4 -2  3   13   0   0   0   0   0   3   0   0   8  14   4   6   0  11   0   5   0   0  37  0.31 0.15
  111 Q    1 -2 -1  1 -3  1  4 -2  1 -4 -2 -1 -3 -4  1  2 -1 -4 -3 -3   12   0   0   8   0   7  40   0   4   0   3   0   0   0   7  19   0   0   0   0  0.52 0.21
  112 N    2 -2  1 -2 -2 -2 -2 -2 -2  0  1 -2 -1  1 -3  1  0 -2  2  2   19   0   9   0   0   0   0   0   0   4  14   0   0   7   0  13   6   0   8  20  0.16 0.12
  113 L    0 -3 -4 -4 -3 -3 -4 -4 -2  2  4 -3  2  2 -4 -3 -2 -2  4  1    8   0   0   0   0   0   0   0   0  10  47   0   5   7   0   0   0   0  17   6  0.52 0.19
  114 Q   -1  5  0  1  1  1 -1 -3 -2  0 -1  2 -2 -3 -3 -1  0 -4 -3 -2    3  47   3   8   4   4   0   0   0  10   5  10   0   0   0   2   4   0   0   0  0.50 0.20
  115 H   -1 -1  1  3 -3  2  3 -1  1 -3 -3  0 -2 -2 -2  0  0 -3  1 -2    3   0   6  18   0   9  30   2   4   0   0   6   0   0   0   5   5   0   8   2  0.38 0.14
  116 T   -2  4 -2 -2 -4  2  2 -3  1 -2  0  2 -1 -2 -3 -2  0 -3  2  0    0  29   0   0   0   8  14   0   3   0  10  12   0   0   0   0   4   0   9  11  0.33 0.16
  117 L    0 -4 -5 -5 -3 -4 -4 -5 -4  3  5 -4  0  0 -4 -3 -2 -3 -2  1    7   0   0   0   0   0   0   0   0  16  65   0   0   3   0   0   0   0   0   9  0.72 0.23
  118 L    0 -3 -4 -4 -2 -3 -4 -4 -4  2  4 -3  2  2 -4 -2 -2 -3 -2  1   10   0   0   0   0   0   0   0   0  12  51   0   5   9   0   3   0   0   0  11  0.49 0.18
  119 P   -2 -4  1 -3 -5 -3 -3 -4 -4 -4 -5 -1 -4 -6  8 -3 -3 -6 -5 -2    2   0   8   0   0   0   0   0   0   0   0   3   0   0  84   0   0   0   0   3  2.19 0.44
  120 L    0 -1 -3 -3 -2  0 -2 -3  0  1  3  0  2  1 -3  0 -1 -3 -1  0    7   2   0   0   0   4   0   0   3   5  43   8   7   7   0   8   0   0   0   6  0.24 0.13
  121 A    5 -3 -3 -3 -2 -2  0 -2 -3 -2 -3 -2 -2 -4 -3  1  0 -4 -3  1   70   0   0   0   0   0   8   0   0   0   0   0   0   0   0   6   6   0   0  10  0.74 0.28
  122 D   -2 -2  0  5 -4  0  1 -3  1 -4 -3 -2 -3 -3 -3  0  2 -4  1 -3    0   0   3  48   0   4   8   0   4   0   2   0   0   0   0   8  17   0   7   0  0.68 0.23
  123 V    0 -3 -4 -4 -2 -3 -3  0 -4  3  2 -3  2 -2 -3 -2 -2 -3 -2  4   10   0   0   0   0   0   0   8   0  19  21   0   7   0   0   0   0   0   0  35  0.42 0.17
  124 V   -1 -3 -4 -4 -2 -3 -4 -4 -4  4  3  0  0 -1 -4 -3 -2 -4 -2  3    2   0   0   0   0   0   0   0   0  34  29   8   0   0   0   0   0   0   0  27  0.57 0.20
  125 T   -1 -3 -2 -3 -3 -2 -3 -4 -4 -2 -3  1 -3 -4 -3 -1  7 -5 -4  0    4   0   0   0   0   0   0   0   0   0   0   8   0   0   0   0  83   0   0   5  1.25 0.40
  126 P   -3 -4 -4 -4 -5 -4 -4 -5 -5 -4 -1 -3 -4 -5  8 -3 -3 -6 -5 -4    0   0   0   0   0   0   0   0   0   0   8   0   0   0  92   0   0   0   0   0  2.54 0.49
  127 N   -4 -3  8 -1 -5 -2 -3  1 -2 -6 -6 -2 -4 -5 -4 -2 -2 -6 -4 -5    0   0  92   0   0   0   0   8   0   0   0   0   0   0   0   0   0   0   0   0  1.90 0.47
  128 L   -1 -1 -3 -1 -3  3  1 -4 -3  3  3 -2  0 -2 -3 -2 -2 -3 -2  1    4   3   0   4   0  19   8   0   0  21  31   0   0   0   0   0   0   0   0  11  0.30 0.16
  129 P   -2 -3 -3  0 -4 -3 -3 -4 -2 -3 -1  0 -2  5  5 -2 -3 -2  3 -3    2   0   0   7   0   0   0   0   0   0   4   6   0  38  31   3   0   0  11   0  0.87 0.26
  130 E   -3 -2  1  1 -6  0  7 -4 -2 -5 -5 -1 -4 -5 -3 -2 -3 -5 -4 -5    0   0   8   3   0   0  89   0   0   0   0   0   0   0   0   0   0   0   0   0  1.58 0.42
  131 A    4 -3  1 -3  3 -3 -3 -2 -3 -1  2 -3 -1 -2 -3 -1 -2 -4 -3  1   48   0   8   0   7   0   0   0   0   0  30   0   0   0   0   0   0   0   0   8  0.47 0.23
  132 E    1  0 -2 -1 -3  0  3  2 -2 -2 -3 -1 -2  2 -3  1 -2 -2  1 -3   12   5   0   0   0   3  31  16   0   3   0   0   0  13   0  13   0   0   5   0  0.31 0.16
  133 E    1  0 -2 -2 -2  3  1 -3  1  1  1  1  1 -2 -3 -1 -1 -3  0  0   13   4   0   0   0  18   8   0   4  15  16   8   3   0   0   0   2   0   4   6  0.14 0.11
  134 I   -3 -4 -5 -5 -3 -4 -4 -5 -4  2  5 -4  1  1 -4 -4 -3 -3 -2  1    0   0   0   0   0   0   0   0   0   8  77   0   2   5   0   0   0   0   0   8  0.93 0.27
  135 T    1 -3 -2 -3  3 -2 -2 -3 -3 -1  1 -2 -1 -3 -3  2  5 -4 -3  0   10   0   0   0   6   0   0   0   0   0  17   0   0   0   0  15  47   0   0   5  0.54 0.24
  136 G   -2 -4 -2  2 -5 -3 -1  6 -4 -6 -5 -1 -4 -5 -4 -2 -3 -5 -5 -5    0   0   0  11   0   0   5  81   0   0   0   3   0   0   0   0   0   0   0   0  1.42 0.34
  137 L    0  0  0 -1 -2  0  1  1 -1  0  1  0  2 -2 -2  1 -1 -2 -2  0    7   7   3   1   0   4  11  15   0   6  14   5  10   0   1  11   1   0   0   4  0.07 0.06
  138 T    0  1  0  0 -1  0  0  0 -1  0 -1  0  0 -1  1  0  1 -1 -1  0   10   9   4   4   1   5   5   8   1   6   3   2   4   3   6   5  14   0   1   9  0.05 0.02
  139 I   -1  2  1  0 -3  0  2 -3  1  0 -2  1 -2 -3  2  0  0 -4 -2  0    3  13   7   5   0   0  18   0   4  11   0  10   0   0  10   6   6   0   0   8  0.20 0.10
  140 D    1 -1 -3 -1  1 -2 -2 -3 -3  3  1  0  1 -2  0 -1 -1 -3 -2  2   13   3   0   4   4   0   0   0   0  29  10   8   3   0   4   2   0   0   0  21  0.21 0.12
  141 S   -1  1  2  1 -3  1  1 -1  1 -1 -2  1 -2 -3 -2  1  0 -3 -2  0    1  10  11  10   0   5  13   3   5   3   1   9   0   0   0  12   3   0   0  13  0.17 0.08
  142 E   -1 -2  1  4 -3 -1  0 -1 -2 -3 -4  1 -3 -4 -2  2  3 -4 -3 -3    0   0   4  26   0   0   4   2   0   0   0  13   0   0   0  23  28   0   0   0  0.54 0.22
  143 E   -1 -2 -3  0 -3 -1  2 -4 -2  1  2 -2  1 -1 -3 -2 -1 -3  1  2    5   0   0   5   0   0  22   0   0   5  31   0   3   0   0   0   2   0   8  18  0.26 0.15
  144 K    1  1 -1  3 -4  2  4 -3 -2 -2 -4  1 -3 -4 -2  0 -1 -4 -3 -3   12  10   0  20   0   9  33   0   0   2   0   7   0   0   0   5   2   0   0   0  0.50 0.18
  145 I   -2 -2 -1  6 -4  1  2 -1 -2 -1 -4 -2 -4 -5 -3  2 -2 -5 -4 -4    0   0   0  53   0   7  13   3   0   4   0   0   0   0   0  19   0   0   0   0  0.86 0.27
  146 M    2 -1 -3 -4  1  0 -3 -1 -3  1  0 -2  5  1 -3 -2  0 -3 -2  1   25   2   0   0   4   5   0   4   0   6   5   0  28   8   0   0   4   0   0  10  0.32 0.18
  147 Q   -1  2 -2 -1 -3  1 -1 -3 -2  2  2  1  0  0 -3 -1 -1 -3 -2  1    2  18   0   3   0   6   3   0   0  15  21  10   0   4   0   3   0   0   0  15  0.17 0.11
  148 A    2  3  1 -1 -3  1  2 -2 -1 -3 -3  1 -2  1 -2  0 -1 -3 -2 -2   28  17   8   0   0   8  15   0   0   0   0  10   0   8   0   4   3   0   0   0  0.31 0.15
  149 G    4 -2 -3 -3  2  1  1  0 -3  0 -2 -2 -2 -3 -2  0 -1 -4 -3  1   55   0   0   0   6   9   8   4   0   5   0   0   0   0   0   4   0   0   0   9  0.47 0.22
  150 R    5 -1 -3 -4  3 -3 -3  0 -3  1 -2 -2  0 -3 -3 -1 -2 -4 -3  1   61   4   0   0   9   0   0   4   0  11   0   0   3   0   0   0   0   0   0   7  0.60 0.25
  151 I    0  3  0 -1 -4  3  1 -1  1 -1 -3  3  0 -4  1 -1 -1 -4 -3 -2    9  16   4   0   0  17  10   3   3   4   0  21   2   0   8   0   2   0   0   0  0.34 0.14
  152 F    2  2 -1  0 -2  0  0 -1 -2  0 -2  0 -2  0 -2  2 -1 -3 -2  0   20  18   0   7   0   2   4   3   0   9   0   6   0   4   0  19   0   0   0   8  0.16 0.12
  153 I    0 -4 -4 -5 -2 -3 -4 -4 -4  3  4 -4  0  0 -4 -3 -2 -3 -2  2    9   0   0   0   0   0   0   0   0  25  53   0   0   3   0   0   0   0   0  10  0.63 0.21
  154 N    0  2  0 -3  1  0 -2 -3  6 -2  1 -1  0  0  1 -1 -2 -3  2 -1    7  12   4   0   4   2   0   0  26   0  19   0   2   2   8   3   0   0   8   2  0.32 0.16
  155 E    3  1 -1  2 -3  0  1  1 -2 -3 -3  2 -2 -4 -2  1  0 -4 -3 -2   33  10   0  14   0   2   9   8   0   0   0  13   0   0   0   7   4   0   0   0  0.32 0.15
  156 I   -1  1 -2  0 -3  0  1 -3 -2  1  2  1  3  0 -2 -1  0 -3 -2 -1    4   7   0   8   0   2   8   0   0  11  21  14  13   5   0   0   5   0   0   0  0.13 0.10
  157 G   -1 -2 -1 -2 -2 -2 -2  5  1 -2 -1 -2 -2  1 -2 -1  0 -2 -1 -2    2   2   1   2   1   1   2  51   4   2   6   2   1   9   2   2   9   0   1   2  0.46 0.12
  158 S    1 -4 -3 -1  6 -3 -3 -3 -4 -2 -1 -3 -2 -4  5  0 -1 -4 -4  1   17   0   0   3  19   0   0   0   0   0   4   0   0   0  37   4   3   0   0  14  0.84 0.24
  159 K    0  2 -1 -2 -4  3  0 -1  0 -4 -4  4 -2 -4 -1  1  0 -4 -3 -3    8  11   0   0   0  18   2   2   2   0   0  37   0   0   3  14   3   0   0   0  0.51 0.20
  160 G    0 -2  2 -2 -3 -2 -2 -1  3  0 -2 -1 -2  2 -3 -1  1  6  1  0    9   0  14   0   0   0   0   4  12   6   0   4   0  12   0   3  11  14   3   9  0.33 0.15
  161 V    0 -4 -4 -4 -2 -3 -4 -4 -4  2 -1 -4  1 -2 -4  0 -1 -4 -3  6    8   0   0   0   0   0   0   0   0   9   0   0   4   0   0   8   0   0   0  72  0.83 0.29
  162 I   -2 -4 -4 -4 -2 -3 -4 -4 -4  3  4 -4  0 -1 -4  0 -2 -3 -2  3    0   0   0   0   0   0   0   0   0  17  51   0   0   0   0   8   0   0   0  24  0.63 0.22
  163 I    0 -4 -4 -4 -2 -3 -4 -4 -4  4  1 -4  2 -2 -4 -3 -2 -4 -3  4    8   0   0   0   0   0   0   0   0  35  11   0   4   0   0   0   0   0   0  42  0.69 0.23
  164 K   -2  0 -2 -3 -4 -1 -1 -3 -3 -3 -3  6 -3 -4 -3  0  3 -5 -3  0    0   0   0   0   0   0   0   0   0   0   0  64   0   0   0   3  24   0   0   8  0.90 0.32
  165 G   -1 -3 -2 -3 -4 -3 -3  5  3 -5 -5 -3 -4 -4 -3  3 -2 -4 -3 -4    0   0   0   0   0   0   0  58   9   0   0   0   0   0   0  33   0   0   0   0  1.08 0.31
  166 G    0 -4 -2 -3 -3 -3 -4  6 -4 -1  0 -3 -3 -4 -4 -2 -1 -4 -4 -1    8   0   0   0   0   0   0  70   0   4  12   0   0   0   0   0   3   0   0   4  0.99 0.27
  167 H    0 -2 -1  1 -4 -1  0 -2  7 -3 -3  0 -3  1 -3  0 -1 -3  2 -1    6   0   0   9   0   0   4   3  42   0   0   5   0   8   0   7   4   0   5   7  0.62 0.23
  168 S    0  1 -2 -3 -2 -1 -2 -3 -2  1  3 -1  2 -1  0  0  0 -3 -2  0    8  11   0   0   0   3   1   1   0  11  37   3   5   0   4   7   7   0   0   1  0.17 0.10
  169 N    1  0  0 -1 -2 -1  0  2 -2 -2  0  0 -1 -3  3 -1  0 -3 -3 -2   17   5   5   2   0   0   5  19   0   0  14   6   0   0  19   0   6   0   0   0  0.28 0.11
  170 D    0 -2  1  3  3 -1  0  2  0 -3 -3 -1  1 -3 -3  0 -1  2 -3 -2    6   0   6  27   8   0   5  20   3   0   0   3   8   0   0   5   4   4   0   3  0.33 0.15
  171 T    0  0  2  1 -2  2  1 -1  0 -1 -1 -1 -2 -1 -2  2  0  2  0 -2    8   4  10   8   0  11   9   2   3   4   5   0   0   3   0  21   4   4   4   0  0.15 0.09
  172 D   -1 -1  1  3 -2  1  1  0  1 -2 -2 -1 -2 -1  1  1  0  2  2 -2    2   1   6  22   0   6  10   5   4   1   2   1   0   1   8  10   5   3  12   1  0.24 0.09
  173 I   -2  2 -1  3 -3  1  1  0  2 -1 -1  1 -2 -1 -2 -1 -2 -3  0 -2    0  13   0  20   0   8   9   9   8   4   9   8   0   3   0   3   0   0   4   0  0.19 0.10
  174 A    2 -2  0  0  2 -2  0 -1 -2  0 -1 -2 -2 -3 -2  4  0 -4 -3 -1   20   0   3   4   6   0   4   3   0   9   4   0   0   0   0  42   4   0   0   3  0.34 0.18
  175 K    0 -2 -1 -1  1 -1 -2 -3 -2  1  0 -1  2  1  0 -1  1 -2  1  1    8   0   3   3   5   2   0   0   0  10   7   4  11   9   4   0  13   0   5  16  0.11 0.09
  176 D   -3 -1  2  6 -4 -1  2 -3 -2  0 -2  0  2 -4 -3 -2 -2 -5 -4 -3    0   4   8  55   0   0  10   0   0   7   4   4   8   0   0   0   0   0   0   0  0.79 0.25
  177 Y   -1 -3 -3 -3  1 -2  0  0 -3  1  2 -3  3 -1 -3 -2 -1  5  1  2    3   0   0   0   4   0   8   7   0   8  20   0  12   0   0   0   3  12   4  19  0.31 0.14
  178 L   -3 -4 -4 -5 -3 -3 -4 -5 -3  0  5 -4  0  1 -4 -2 -2  2  3  1    0   0   0   0   0   0   0   0   0   0  65   0   0   4   0   4   0   3  12  12  0.71 0.25
  179 F    1 -3 -3 -4 -3 -3 -3 -4  1  0  1 -3 -1  4 -4 -2 -1  2  5  0   14   0   0   0   0   0   0   0   4   4  19   0   0  26   0   0   2   3  23   7  0.51 0.19
  180 T    0 -1 -1  4 -3  0 -1 -1 -2 -1  0  0 -1 -3 -3  0  1 -4 -3  1    5   3   0  33   0   4   0   2   0   0  12   8   0   0   0   7   8   0   0  18  0.26 0.14
  181 N   -1  0  0  0 -3 -2 -1  4 -3 -3 -4  1 -3 -4  0 -1  3 -4 -3 -1    2   4   4   4   0   0   3  42   0   0   0  12   0   0   3   0  23   0   0   4  0.50 0.19
  182 E    1  0  0  2 -2  1  2  0 -1  0 -2  1 -2 -3 -2  1 -1 -3 -2 -1   17   4   3  15   0   8  15   8   0   9   1   7   0   1   1   8   1   0   0   1  0.18 0.08
  183 G    0  0 -1  2 -2  0  2  2 -1 -2 -1  0  0 -2 -2  0  1 -2 -2 -2    3   4   1  12   0   3  16  22   0   1   9   4   3   1   1   7  12   0   1   1  0.18 0.08
  184 V   -1 -2 -2 -2  0 -2  1  0  3  0  0 -2 -1  4 -3  0 -2 -2  0  0    3   0   0   0   2   0  13   9  10   4  11   0   0  30   0   7   0   0   0   8  0.22 0.13
  185 Q    0 -2 -2 -3  2  2 -1 -3  4  2 -1 -2  0  2 -3 -2 -2 -2  3  2    9   0   0   0   7  12   3   0  13  13   0   0   2   8   0   0   0   0  13  21  0.29 0.16
  186 T   -2  2  0 -2  1  3  1 -3  1  0 -2  0 -1  0 -3 -1  1  1  1  0    0  11   4   0   4  20  11   0   3   8   0   5   0   4   0   0  11   2   7  11  0.19 0.13
  187 F   -2  1 -3 -3 -3 -2  0 -4 -2  0  2  0  0  4 -3 -2  0 -2  0  1    0  12   0   0   0   0   8   0   0   2  26   7   0  27   0   0   7   0   0  11  0.30 0.16
  188 E   -1  0 -1  0 -3  0  1 -3  1  1 -1  1 -2 -1  3  0  2 -3 -2 -1    0   4   0   5   0   2  10   0   4  11   4  13   0   4  17   8  17   0   0   2  0.24 0.11
  189 N    2  0  1 -1 -2  0  1  0  1 -2  0 -1 -2 -3  0  2  1 -3 -2 -2   21   4   7   0   0   3   8   7   5   0  10   0   0   0   3  21  11   0   0   0  0.19 0.11
  190 E   -2 -1  0  0 -3  0  1 -2  3  0  0  1 -1  1  4 -1 -2 -3 -1 -1    0   0   4   5   0   5  10   2  10   7  10  11   0   9  22   3   0   0   0   4  0.27 0.12
  191 R   -1  4 -2 -1 -4 -1  0 -3  1 -2  0  0  2  1  3 -1 -2 -3  1 -2    3  33   0   4   0   0   5   0   4   0   8   3   8   7  18   4   0   0   5   0  0.40 0.17
  192 F   -2  1 -3 -4 -3 -2 -3 -4 -3  3  2  0  1  4 -4 -3 -2 -2 -1  2    0  11   0   0   0   0   0   0   0  23  18   7   4  23   0   0   0   0   0  14  0.38 0.16
  193 K    1  1  3  1 -3  1  0 -1 -1  0 -1  1  0 -3 -1 -1 -1 -4 -2  0   14   8  19   8   0   7   2   4   0   7   6  13   2   0   2   0   0   0   0   7  0.14 0.10
  194 T   -1 -1  0  1 -3  1  0 -1 -2 -2 -3  2 -2 -4  2  0  4 -4 -3 -1    0   0   2   8   0   5   4   3   0   0   0  15   0   0  11   2  44   0   0   4  0.45 0.20
  195 K    0  2 -1 -2 -2 -1 -1  1  0 -2 -2  2 -2 -2  1  0  1  4 -2 -1    8  12   1   1   0   1   1  12   2   1   1  19   0   0   8   6  14   8   0   4  0.25 0.11
  196 H   -1  0  3  1 -3  2  0 -3  5 -3 -3 -1 -2 -1  0  0  0 -2  4 -3    3   3  22   6   0  10   3   0  18   0   0   0   0   0   3   4   7   0  19   0  0.47 0.19
  197 T   -1  1  0  0 -3 -2 -2 -3 -2 -2 -1 -2 -2  2  3  0  4 -3 -2 -1    4  11   5   7   0   0   0   0   0   0   4   0   0  11  15   3  38   0   0   3  0.40 0.19
  198 H   -3  0  1 -3 -4 -2 -2 -4  8 -3 -4  0 -3 -2 -4 -2  0 -3  2  1    0   3   7   0   0   0   0   0  55   0   0   8   0   0   0   0   7   0   8  12  1.11 0.33
  199 G   -2 -4 -2  1 -5 -4 -4  7 -4 -6 -6 -3 -5 -5 -4 -2 -4 -5 -5 -5    0   0   0   8   0   0   0  92   0   0   0   0   0   0   0   0   0   0   0   0  1.77 0.39
  200 T    1 -3 -2 -3 -3 -2 -3 -1 -3 -2 -3 -2 -2 -4 -3  1  6 -4 -3  0   13   0   0   0   0   0   0   5   0   0   0   0   0   0   0   6  70   0   0   6  0.94 0.33
  201 G   -2 -4 -2 -3 -4 -4 -4  7 -4 -5 -1 -4 -4 -5 -4 -2 -4 -4 -5 -5    0   0   0   0   0   0   0  92   0   0   8   0   0   0   0   0   0   0   0   0  1.70 0.39
  202 C   -3 -4  1  5  9 -3 -2 -4 -4 -4 -4 -4 -4 -5 -4 -2 -3 -5 -5 -4    0   0   8  38  54   0   0   0   0   0   0   0   0   0   0   0   0   0   0   0  1.74 0.41
  203 T   -1 -3 -2 -3 -3 -3 -3 -4 -4 -1  2 -3 -1 -3 -3  0  6 -4 -3  0    3   0   0   0   0   0   0   0   0   0  23   0   0   0   0   3  64   0   0   7  0.82 0.31
  204 F   -3 -4 -4 -5 -3 -4 -4 -5 -3  1  4 -4  2  5 -4 -3  0 -2  1 -1    0   0   0   0   0   0   0   0   0   8  45   0   4  33   0   0   7   0   3   0  0.72 0.23
  205 S    4 -3 -2  1  2 -2 -2 -2 -3 -3 -3 -2 -3 -4 -2  4  1 -4 -3 -2   42   0   0   8   4   0   0   0   0   0   0   0   0   0   0  39   7   0   0   0  0.65 0.26
  206 A    5 -3 -2 -2 -2 -2  1  0 -3 -3 -3 -2 -3 -4 -2  3  0 -4 -3 -2   57   0   0   0   0   0   8   4   0   0   0   0   0   0   0  29   2   0   0   0  0.73 0.28
  207 V    3 -3 -3 -3  3  0 -2 -2 -3  2  2 -1 -1 -2 -3  0 -1 -3 -3  0   40   0   0   0   8   4   0   0   0  13  24   4   0   0   0   3   0   0   0   4  0.34 0.18
  208 I   -3 -4 -4 -5 -3 -4 -4 -5 -4  4  3 -4  0  3 -4 -3  0 -3 -1  1    0   0   0   0   0   0   0   0   0  35  38   0   0  15   0   0   5   0   0   7  0.64 0.21
  209 T    3 -3 -2 -3 -2 -2 -2 -2 -3  0  1 -2 -1 -2  1  0  3 -3  0  0   34   0   0   0   0   0   0   0   0   4  14   0   0   0   8   2  29   0   3   7  0.36 0.19
  210 A    4 -3 -2 -2  2 -2  0  1 -3 -2 -3 -2 -2 -4 -2  2  0 -4 -3  0   47   0   0   0   5   0   8  10   0   0   0   0   0   0   0  18   5   0   0   7  0.45 0.20
  211 E   -1  0  2 -1 -3  1  1  1  1 -3 -1 -1 -2  2 -3 -1 -2  5  2 -3    5   4  16   0   0   6  15  13   4   0   7   3   0  11   0   0   0  11   7   0  0.28 0.14
  212 L   -1 -1 -4 -4 -3 -3 -4 -4 -3  1  5 -3  0  1 -4 -1 -1 -3  1 -1    3   4   0   0   0   0   0   0   0   3  71   0   0   3   0   7   2   0   7   0  0.65 0.24
  213 A    4 -3 -1 -1 -2 -2  0 -2  1 -2  2 -2 -1 -3  0 -1 -2 -4 -3  0   51   0   4   4   0   0   8   0   3   0  22   0   0   0   4   0   0   0   0   4  0.37 0.21
  214 K   -1  3  0 -2 -4  1  1 -3  1  0 -1  4 -2 -3 -3 -2 -2  1 -2 -2    3  21   5   0   0   5   7   0   5   8   6  37   0   0   0   0   0   3   0   0  0.43 0.18
  215 G   -2 -4 -2 -3 -4 -3 -2  6  2 -4 -2 -3 -4 -4 -4 -2  1 -4  0 -4    0   0   0   0   0   0   3  73   7   0   4   0   0   0   0   0  10   0   4   0  1.12 0.30
  216 R   -1  1  0  1 -3  0  1  1  3 -2 -1  1  0  0 -2  0 -1  3  2 -2    5   6   3   8   0   2   9  10  11   0   6  12   4   2   0   4   2   5   9   2  0.13 0.08
  217 R    0 -1  1  2 -3 -1  1 -2 -2 -3 -1 -1 -2 -3  3  3  1 -4 -3 -3    4   2   7  13   0   0   9   0   0   0   8   0   0   0  16  32   9   0   0   0  0.40 0.17
  218 L    0 -3 -4 -4 -2 -3 -3 -4 -4  1  3 -3  2 -1  2 -2  0  2 -2  2    7   0   0   0   0   0   0   0   0   5  41   0   6   0  10   0   8   4   0  20  0.40 0.17
  219 F    0  0  0  1 -3  0  1 -1  0  0  0  2 -1  0  2  0  0 -3 -2  0    6   2   4   7   0   2  10   2   2   5   8  19   0   4  11   6   3   0   0   8  0.11 0.06
  220 E   -1 -1  0  2 -4  3  3 -3  0 -3 -2  2 -2 -4  1  0  0 -4 -3 -2    3   0   3  10   0  17  28   0   2   0   3  13   0   0   8   6   4   0   0   2  0.42 0.16
  221 A    6 -3 -3 -3 -2 -2  1 -2 -3 -3 -3 -2 -3 -4 -3  1  0 -4 -4 -2   81   0   0   0   0   0   8   0   0   0   0   0   0   0   0   7   4   0   0   0  0.99 0.34
  222 V    0 -4 -4 -4 -2 -3 -4 -4 -4  3  2 -4  0  1 -4 -3 -2 -3 -2  5   10   0   0   0   0   0   0   0   0  13  17   0   0   7   0   0   0   0   0  53  0.60 0.22
  223 H    0  1  0  0 -3  2  2  1  3 -1 -3  1 -2 -2 -2  0  0 -2  2 -2    6   6   2   2   0  15  16  10   8   5   0  12   0   0   0   2   6   0   9   0  0.23 0.12
  224 K    1  1 -1 -2 -2  1  0  0  2 -2 -1  1 -1  1 -2  0  0  2 -1  0   12   9   0   0   0   8   4   7   9   0   7  14   0   7   0   6   5   3   0   8  0.10 0.08
  225 A    4 -3  1 -3  2 -2 -2  2 -3 -2 -3 -2 -2 -4 -2  1  1 -4 -3  0   52   0   8   0   5   0   0  14   0   0   0   0   0   0   0   6   7   0   0   7  0.50 0.21
  226 K   -1  0 -2 -3 -3 -1 -1 -1  1  2 -1  4  0 -3 -3 -1  0 -4 -2  1    2   0   0   0   0   0   0   4   5  13   4  43   3   0   0   4   7   0   0  15  0.32 0.19
  227 K    2  2  1  2 -3  0  2 -2  0 -3 -2  0 -2 -4 -2  2 -1 -4 -3 -3   20  13   5  17   0   0  15   0   3   0   4   4   0   0   0  20   0   0   0   0  0.32 0.15
  228 F    0 -1 -3 -4 -3 -3 -3 -3  1 -2 -1 -3 -2  4 -4  0  0  6  5 -2   12   4   0   0   0   0   0   0   4   0   3   0   0  25   0   7   7  12  27   0  0.69 0.23
  229 I    0 -4 -4 -4  2 -3 -4 -4 -4  3  2 -3  1 -2 -4 -3 -2 -4 -2  4    8   0   0   0   5   0   0   0   0  14  22   0   4   0   0   0   0   0   0  47  0.58 0.21
  230 S    0 -1  0 -1 -3  3  0 -3  2 -2  0 -1 -1 -1 -3  1  2 -2  3 -1    5   2   3   4   0  17   2   0   5   0  12   0   0   0   0   8  22   0  15   4  0.23 0.15
  231 M    1 -2  1  0  1 -1  2  1 -2 -2 -3  0  0 -3  1  1  0 -4 -3 -2   18   0   9   4   4   0  20  10   0   3   0   3   4   0   8  14   4   0   0   0  0.24 0.12
  232 S    4 -3 -3 -4  2 -3 -3 -2 -3  1  1 -3 -1 -2 -3  0 -2  4 -2  1   50   0   0   0   5   0   0   0   0   6  14   0   0   0   0   4   0   8   0  12  0.49 0.21
  233 I    0 -4 -4 -5 -2 -3 -4 -4 -4  4  3 -4  3 -1 -4 -3 -2 -3 -2  2    8   0   0   0   0   0   0   0   0  36  39   0   7   0   0   0   0   0   0  10  0.63 0.21
  234 Q    1  3  0  0 -3  1  1 -2  0 -3 -2  2 -2 -3 -2  0  0 -4 -2 -1   14  23   4   5   0   7   6   0   2   0   4  19   0   0   0   7   5   0   0   3  0.28 0.12
  235 Y    1  0  3  0 -3  0  0 -2  4  0 -1  0 -2 -2 -3  0 -1 -2  2 -2   15   4  21   6   0   4   3   0  13   7   5   7   0   0   0   4   0   0  12   0  0.24 0.14
  236 T    2 -2 -1 -2 -2 -2  0  2 -3 -3 -3 -2 -2 -4  1  2  4 -4 -3 -2   16   0   0   0   0   0   8  14   0   0   0   0   0   0   5  17  40   0   0   0  0.51 0.22
  237 P   -2  0 -2  1  2  1 -1 -3  1 -2  1  0 -1  2  1 -1 -2  3  3 -2    0   4   0   9   7   9   0   0   3   0  17   9   0  13   7   4   0   5  13   0  0.21 0.13
  238 E    1 -2  2 -1 -3  0  1  4 -2 -3 -3 -1 -2 -3 -1 -1  0 -3  0 -1   11   0  10   0   0   4  15  39   0   0   0   0   0   0   2   0   7   0   4   6  0.39 0.15
  239 I   -1  1  0  0 -3  2  1 -2 -2  1 -1  2 -1 -3 -2  0  0 -4 -2  0    0   8   3   5   0   9  12   2   0  15   2  21   0   0   0  10   3   0   0   9  0.18 0.11
  240 G   -1  1 -2 -1  0 -2 -1  4 -2 -3 -1 -1 -2  2 -3 -2 -2  3  1 -3    3  10   0   4   3   0   4  41   0   0   7   3   0  13   0   0   0   5   6   0  0.42 0.17
  241 R    0  1  0 -1 -3  2  3 -2  2 -2 -2  0 -2 -2  2  1  1 -3  0  0    7   7   3   1   0   8  24   1   8   0   1   3   0   0   9  10   8   0   3   8  0.23 0.10
  242 G   -1 -2 -1 -1 -2 -1  0  5  1 -2 -2 -1 -2 -2 -2 -1  0 -2 -2  0    2   2   1   2   1   1   6  53   5   2   3   2   1   1   2   2   5   0   1   9  0.48 0.11
  243 R   -2  1  1 -2 -2  1 -1 -2  3  1  2  1  1 -1 -2 -1 -1 -2 -1  0    1   7   8   1   0  10   1   1  13  15  23   9   4   1   1   1   1   0   0   4  0.15 0.09
  244 G    0  2  0  0 -3  2 -1  4 -2 -4 -3 -1 -2 -3 -2 -1 -2 -3 -3 -3    9  16   4   4   0  14   1  46   0   1   1   1   0   0   1   1   1   0   0   1  0.57 0.16
  245 P   -2 -4 -4 -4 -3 -3 -3 -4 -4  0  1 -3 -2  0  7 -2  0 -4 -3  1    0   0   0   0   0   0   0   0   0   3  19   0   0   4  56   0   6   0   0  13  1.17 0.27
  246 V    0 -3 -4 -4 -2 -3 -3 -4 -4  3  1 -3  0  1 -3 -2  1 -3 -2  4    9   0   0   0   0   0   0   0   0  22  10   0   0   6   0   0   8   0   0  46  0.50 0.18
  247 N    1 -1  4  3 -3  2  0 -1  2 -3 -3  0 -2 -4 -2  0 -1 -4 -2  0   14   0  26  18   0  12   4   3   7   0   0   3   0   0   0   5   0   0   0   9  0.36 0.15
  248 H    1 -2  0 -3 -4 -1 -2 -3  8 -4 -2 -2 -3 -3  0  2 -2 -4 -1 -4   14   0   4   0   0   0   0   0  53   0   3   0   0   0   5  21   0   0   0   0  1.03 0.31
  249 F   -2  0 -2 -3  3  3 -2  1 -2 -1  0  0  0  3 -3 -1 -2  4 -1  0    0   4   0   0   9  22   0  11   0   2   8   4   3  21   0   3   0   6   0   8  0.25 0.15
  250 A    2 -2 -2 -2 -2  1  1 -1  3 -2 -1  0 -2  2 -2  0  0  2  2 -2   26   0   0   0   0   6  12   4  10   0   4   4   0   9   0   3   7   3  11   0  0.21 0.12
  251 Y    1  1 -1  1 -2  0  1 -1 -1 -1 -1  0 -1  1  0  1  0 -2  2 -1   17   8   0   8   0   3   9   2   0   3   6   2   0   7   3  11   4   0  12   4  0.08 0.06
  252 L   -1  1  0 -3 -3 -2 -3 -3 -2  1  2  0  0  2 -3 -1 -2  5  2  0    6   8   5   0   0   0   0   0   0   7  31   5   0   8   0   5   0   8   8   6  0.24 0.18
  253 K    0  3 -2 -2 -3  1  1 -1 -2 -1 -1  1 -2  0 -3  0  0  4 -2  0    8  22   0   0   0   4  13   4   0   4   4   9   0   4   0   4   8   8   0   7  0.23 0.19
  254 K   -2  0  2  1  1 -1  1 -3  1  1  1  1 -1 -2 -2 -1  0  4 -1 -1    0   6  12   8   4   0  10   0   5  13  17  12   0   0   0   0   5   6   0   0  0.13 0.13
  255 E   -2  0  1  2 -4 -1  1 -3 -2 -2 -3 -2  1 -4  6  0 -2 -4 -3  0    0   5   7  13   0   0  10   0   0   0   0   0   6   0  44   5   0   0   0  10  0.82 0.26
  256 G   -1  2 -1 -2 -3  1 -1  0  1 -1  0  0 -1 -2  4  1  0 -3 -2 -2    0  13   0   0   0  10   0   7   4   4  15   5   0   0  22  13   6   0   0   0  0.28 0.12
  257 L   -1 -1  1  1 -2  2  1 -2  3  0  0  0 -1  0 -1 -1  0 -1  1 -1    2   1   8   7   1  14   9   2  12   9   9   2   1   5   1   2   8   0   5   2  0.09 0.06
  258 D    1  1  1  1  2  0  0 -1 -1 -2 -2  1 -1 -2 -1  1  1 -2 -2 -1   12   7   9  12   7   1   2   2   1   1   2   9   1   1   1  15  13   0   1   2  0.14 0.06
  259 D    1 -2  0  1  1 -1  0 -2  0  0 -1 -1  1 -2  1  1 -1 -3  0  1   15   0   4  13   5   0   6   0   3   4   0   4   9   0   6  11   0   0   5  15  0.08 0.09
  260 E   -1  2 -1 -1 -3  3  3  1  2 -2  0  1 -1 -3  2 -1 -2 -3 -2 -2    1  12   0   0   0  16  24  11   6   0  12   5   0   0   9   1   1   0   0   1  0.28 0.14
  261 L   -1  1 -2 -3  2 -2 -2 -3  2  1  1 -2  2  3 -3  0  1 -2  0  1    0  10   0   0   6   0   0   0   7   6  18   0   6  19   0  10  10   0   0   8  0.18 0.13
  262 S    1 -1 -1  1  2  2 -1 -2 -2 -1 -2  0 -2  0  1  1  2 -3 -2 -1   19   0   0   9   5  16   0   0   0   6   0   7   0   7   7   7  18   0   0   0  0.20 0.14
  263 K    1 -2 -2 -1 -2 -1  2 -2 -2  1 -1  0 -1 -3  2  1  0 -4 -2  1   14   0   0   0   0   0  21   0   0  10   4   7   0   0  11  10   6   0   0  17  0.20 0.13

                      K         Lambda
PSI Ungapped         0.1416     0.3172
PSI Gapped           0.0433     0.2670
